=========== CUADRUPLOS ===========
0 [15, -1, -1, 20]
1 [9, 20000, 30000, 20001]
2 [9, 20000, 30001, 20002]
3 [12, 20001, 20002, 20003]
4 [13, 20003, -1, 8]
5 [20, 101, 20000, 99999]
6 [34, -1, -1, -1]
7 [15, -1, -1, 19]
8 [21, -1, -1, 'funcionFibonacci']
9 [2, 20000, 30001, 20004]
10 [22, 20004, [101, 101], 0]
11 [23, -1, -1, 1]
12 [21, -1, -1, 'funcionFibonacci']
13 [2, 20000, 30002, 20005]
14 [22, 20005, [101, 101], 0]
15 [23, -1, -1, 1]
16 [1, 99999, 99999, 20006]
17 [20, 101, 20006, 99999]
18 [34, -1, -1, -1]
19 [34, -1, -1, -1]
20 [0, 30000, [101, 101], 10000]
21 [16, 30003, -1, -1]
22 [19, 101, -1, 10000]
23 [21, -1, -1, 'funcionFibonacci']
24 [22, 10000, [101, 101], 0]
25 [23, -1, -1, 1]
26 [16, 99999, -1, -1]
=========== MAQUINA VIRTUAL ==================
[15, -1, -1, 20]
[0, 30000, [101, 101], 10000]
[16, 30003, -1, -1]
[19, 101, -1, 10000]
[21, -1, -1, 'funcionFibonacci']
[22, 10000, [101, 101], 0]
[23, -1, -1, 1]
[9, 20000, 30000, 20001]
[9, 20000, 30001, 20002]
[12, 20001, 20002, 20003]
[13, 20003, -1, 8]
[21, -1, -1, 'funcionFibonacci']
[2, 20000, 30001, 20004]
[22, 20004, [101, 101], 0]
[23, -1, -1, 1]
[9, 20000, 30000, 20001]
[9, 20000, 30001, 20002]
[12, 20001, 20002, 20003]
[13, 20003, -1, 8]
[21, -1, -1, 'funcionFibonacci']
[2, 20000, 30001, 20004]
[22, 20004, [101, 101], 0]
[23, -1, -1, 1]
[9, 20000, 30000, 20001]
[9, 20000, 30001, 20002]
[12, 20001, 20002, 20003]
[13, 20003, -1, 8]
[21, -1, -1, 'funcionFibonacci']
[2, 20000, 30001, 20004]
[22, 20004, [101, 101], 0]
[23, -1, -1, 1]
[9, 20000, 30000, 20001]
[9, 20000, 30001, 20002]
[12, 20001, 20002, 20003]
[13, 20003, -1, 8]
[20, 101, 20000, 99999]
[34, -1, -1, -1]
[21, -1, -1, 'funcionFibonacci']
[2, 20000, 30002, 20005]
[22, 20005, [101, 101], 0]
[23, -1, -1, 1]
[9, 20000, 30000, 20001]
[9, 20000, 30001, 20002]
[12, 20001, 20002, 20003]
[13, 20003, -1, 8]
[20, 101, 20000, 99999]
[34, -1, -1, -1]
[1, 99999, 99999, 20006]
[20, 101, 20006, 99999]
[34, -1, -1, -1]
[21, -1, -1, 'funcionFibonacci']
[2, 20000, 30002, 20005]
[22, 20005, [101, 101], 0]
[23, -1, -1, 1]
[9, 20000, 30000, 20001]
[9, 20000, 30001, 20002]
[12, 20001, 20002, 20003]
[13, 20003, -1, 8]
[20, 101, 20000, 99999]
[34, -1, -1, -1]
[1, 99999, 99999, 20006]
[20, 101, 20006, 99999]
[34, -1, -1, -1]
[21, -1, -1, 'funcionFibonacci']
[2, 20000, 30002, 20005]
[22, 20005, [101, 101], 0]
[23, -1, -1, 1]
[9, 20000, 30000, 20001]
[9, 20000, 30001, 20002]
[12, 20001, 20002, 20003]
[13, 20003, -1, 8]
[21, -1, -1, 'funcionFibonacci']
[2, 20000, 30001, 20004]
[22, 20004, [101, 101], 0]
[23, -1, -1, 1]
[9, 20000, 30000, 20001]
[9, 20000, 30001, 20002]
[12, 20001, 20002, 20003]
[13, 20003, -1, 8]
[20, 101, 20000, 99999]
[34, -1, -1, -1]
[21, -1, -1, 'funcionFibonacci']
[2, 20000, 30002, 20005]
[22, 20005, [101, 101], 0]
[23, -1, -1, 1]
[9, 20000, 30000, 20001]
[9, 20000, 30001, 20002]
[12, 20001, 20002, 20003]
[13, 20003, -1, 8]
[20, 101, 20000, 99999]
[34, -1, -1, -1]
[1, 99999, 99999, 20006]
[20, 101, 20006, 99999]
[34, -1, -1, -1]
[1, 99999, 99999, 20006]
[20, 101, 20006, 99999]
[34, -1, -1, -1]
[16, 99999, -1, -1]